----------------------------
|0|2|0|0|
|0|0|0|0|
|0|2|0|0|
|0|0|0|0|
P1's move:----------------------------
|0|0|0|0|
|0|0|0|0|
|0|0|0|0|
|0|4|0|0|

CPU's move: ----------------------------
|0|0|0|0|
|0|0|0|0|
|0|0|0|0|
|2|4|0|0|
P1's move:----------------------------
|0|0|0|0|
|0|0|0|0|
|0|0|0|0|
|0|0|2|4|

CPU's move: ----------------------------
|0|0|0|0|
|0|0|0|0|
|0|0|0|2|
|0|0|2|4|
P1's move:----------------------------
|0|0|0|0|
|0|0|0|0|
|0|0|0|2|
|0|0|2|4|

CPU's move: ----------------------------
|0|0|0|0|
|0|0|0|0|
|0|0|2|2|
|0|0|2|4|
P1's move:----------------------------
|0|0|0|0|
|0|0|0|0|
|4|0|0|0|
|2|4|0|0|

CPU's move: ----------------------------
|0|0|0|0|
|0|0|0|0|
|4|2|0|0|
|2|4|0|0|
P1's move:----------------------------
|0|0|0|0|
|0|0|0|0|
|4|2|0|0|
|2|4|0|0|

CPU's move: ----------------------------
|0|0|0|0|
|2|0|0|0|
|4|2|0|0|
|2|4|0|0|
P1's move:----------------------------
|0|0|0|0|
|0|0|0|2|
|0|0|4|2|
|0|0|2|4|

CPU's move: ----------------------------
|0|0|0|0|
|0|0|2|2|
|0|0|4|2|
|0|0|2|4|
P1's move:----------------------------
|0|0|0|0|
|0|0|2|0|
|0|0|4|4|
|0|0|2|4|

CPU's move: ----------------------------
|0|0|0|0|
|0|0|2|0|
|0|2|4|4|
|0|0|2|4|
P1's move:----------------------------
|0|0|0|0|
|0|0|0|2|
|0|0|2|8|
|0|0|2|4|

CPU's move: ----------------------------
|0|0|0|0|
|0|0|0|2|
|0|2|2|8|
|0|0|2|4|
----------------------------
|0|0|0|0|
|0|0|0|2|
|0|2|2|8|
|0|0|2|4|